experiment|btor2-time|btor2-size|functional-time|functional-size|relational-time|relational-size
count:buggy.2.2|1.256|396|54.269|24783|80.009|33288
count:buggy.2.3|0.603|396|112.047|34539|111.299|46446
count:buggy.2.4|0.000|396|97.396|44295|146.150|59604
count:buggy.3.2|0.830|547|105.604|50284|166.880|67704
count:buggy.3.3|1.624|547|187.944|70939|228.748|95595
count:buggy.3.4|1.797|546|131.819|91594|188.947|123486
count:buggy.4.2|1.916|664|111.567|76363|171.927|105858
count:buggy.4.3|0.000|663|160.777|108439|277.844|150426
count:buggy.4.4|2.071|664|208.479|140515|313.550|194994
