experiment|btor2-time|btor2-size|functional-time|functional-size|relational-time|relational-size
count:cas.2.2|0.000|424|70.083|46453|98.684|63470
count:cas.2.3|1.328|424|96.433|66785|67.350|91316
count:cas.2.4|0.164|424|120.350|87117|87.928|119162
count:cas.3.2|0.514|589|101.874|157645|156.288|216105
count:cas.3.3|0.506|589|146.434|231508|231.167|317460
count:cas.3.4|0.512|588|189.601|305371|303.999|418815
count:cas.4.2|0.603|720|256.033|374775|391.627|528078
count:cas.4.3|0.613|719|369.425|555315|607.025|782598
count:cas.4.4|0.623|720|498.635|735855|774.743|1037118
